-768.78
-768.78
-767.80
-761.46
-760.98
-769.27
-768.29
-769.27
-768.29
-769.27
-770.24
-767.80
-767.32
-769.27
-767.80
-769.76
-769.76
-768.29
-768.78
-769.76
-769.27
-762.93
-768.29
-768.29
-761.46
-761.95
-761.95
-767.80
-767.32
-769.76
-768.29
-768.78
-766.83
-769.27
-761.95
-767.32
-769.27
-761.95
-767.80
-769.27
-761.95
-767.80
-769.76
-760.98
-768.78
-767.80
-768.29
-768.29
-768.78
-769.27
-760.49
-768.78
-769.76
-769.27
-767.32
-762.44
-769.76
-769.27
-768.29
-767.32
-761.46
-769.27
-767.80
-766.34
-768.29
-761.95
-765.85
-769.27
-768.78
-768.78
-767.32
-765.85
-768.78
-769.27
-769.76
-760.98
-769.76
-769.27
-762.93
-769.76
-761.46
-759.51
-767.80
-768.29
-768.78
-769.76
-766.83
-767.80
-767.32
-769.27
-766.83
-767.32
-767.80
-768.29
-767.80
-767.80
-768.78
-767.80
-762.44
-767.32
-768.29
-768.29
-761.95
-762.44
-770.24
-768.29
-767.32
-769.27
-768.78
-768.78
-767.32
-767.80
-760.00
-761.46
-767.80
-758.54
-768.78
-769.76
-768.29
-769.76
-768.78
-767.32
-768.29
-769.76
-766.83
-767.32
-769.27
-770.73
-768.78
-769.76
-770.73
-768.29
-767.80
-767.80
-769.27
-761.46
-761.46
-757.56
-765.85
-769.27
-760.98
-768.78
-762.93
-762.93
-769.27
-769.27
-767.32
-768.78
-767.80
-768.29
-768.29
-761.46
-760.49
-770.24
-768.78
-758.54
-769.76
-766.83
-768.29
-760.49
-768.29
-767.80
-761.95
-769.27
-768.78
-769.27
-767.32
-760.49
-759.51
-765.85
-767.80
-769.76
-769.27
-768.78
-767.32
-761.46
-761.46
-765.85
-768.29
-760.98
-769.27
-761.46
-769.76
-761.95
-768.78
-768.78
-769.27
-761.95
-768.29
-761.95
-760.98
-769.27
-761.95
-769.27
-761.46
-767.80
-768.78
-761.95
-766.83
-761.95
-762.44
-767.80
-767.32
-767.80
-767.80
-766.34
-769.76
-771.22
-768.78
-769.27
-770.24
-769.27
-759.51
-770.24
-768.29
-769.27
-769.27
-760.98
-759.51
-769.76
-768.29
-769.76
-768.29
-767.32
-759.02
-768.78
-767.80
-769.76
-760.98
-769.76
-760.98
-769.27
-768.29
-767.80
-768.29
-766.83
-768.78
-771.71
-769.27
-769.76
-761.95
-761.46
-768.78
-767.32
-760.00
-762.44
-761.95
-770.24
-769.76
-769.76
-769.27
-770.24
-760.98
-769.27
-761.95
-760.00
-768.78
-767.32
-767.80
-760.49
-768.29
-760.98
-769.27
-769.76
-769.27
-767.80
-761.95
-767.32
-769.76
-766.34
-769.76
-760.98
-770.24
-766.83
-768.29
-768.78
-761.46
-763.90
-761.46
-770.73
-760.98
-767.80
-769.76
-768.29
-767.80
-767.32
-769.76
-769.27
-770.24
-769.76
-761.95
-766.83
-768.78
-767.32
-769.27
-769.27
-768.78
-768.78
-768.78
-759.51
-761.46
-769.76
-769.27
-769.27
-769.76
-769.76
-767.80
-767.80
-768.78
-760.98
-768.78
-769.76
-759.51
-760.49
-769.27
-761.46
-768.78
-767.32
-768.78
-768.29
-769.76
-768.78
-769.27
-760.49
-768.78
-767.32
-768.78
-759.02
-760.98
-760.98
-770.24
-769.27
-766.34
-760.98
-760.00
-768.78
-768.29
-770.24
-767.80
-767.80
-770.24
-769.27
-768.29
-767.80
-768.29
-767.80
-766.34
-757.07
-767.80
-769.27
-760.49
-761.95
-769.27
-758.54
-760.98
-770.24
-768.78
-768.78
-761.95
-769.76
-770.24
-767.32
-768.29
-767.80
-767.80
-761.95
-768.78
-760.49
-769.27
-769.27
-769.27
-767.80
-770.24
-766.34
-760.98
-768.29
-769.27
-769.76
-768.78
-766.83
-768.29
-769.76
-768.29
-766.83
-762.44
-767.32
-768.78
-761.95
-762.44
-769.76
-767.80
-766.83
-768.78
-769.76
-768.78
-768.78
-769.27
-760.00
-767.80
-769.27
-768.78